21
40
82
87
96
60
78
27
26
94
48
98
98
82
16
76
54
70
6
98
38
4
5
70
74
52
88
48
73
63
76
42
88
45
18
92
83
36
56
34
99
68
96
67
31
50
5
63
60
65
43
71
75
23
2
44
8
24
29
1
73
82
8
39
77
79
13
10
50
83
17
62
81
83
22
63
71
92
26
86
49
53
75
44
82
27
4
28
45
17
64
22
88
67
94
64
59
60
34
79
31
79
83
14
90
30
68
67
98
18
35
35
16
9
19
94
86
91
77
4
68
50
7
14
59
45
44
28
93
83
63
32
91
17
61
12
73
39
64
93
87
45
66
59
50
4
64
31
37
62
70
91
84
46
26
83
39
4
56
60
28
34
49
42
63
64
34
28
1
15
72
34
37
13
39
15
65
90
44
86
65
90
93
70
75
26
30
97
51
29
77
35
31
42
23
17
24
9
23
3
44
86
80
94
34
75
80
19
28
46
60
14
43
28
58
19
3
24
40
11
93
80
64
4
95
28
57
39
1
78
39
43
43
77
86
95
39
73
46
27
13
47
60
45
81
82
2
43
58
55
44
31
69
49
3
25
63
72
99
9
72
2
53
61
41
6
67
27
9
16
69
88
25
92
22
47
89
12
11
86
24
27
53
72
60
50
3
63
3
54
54
26
41
93
63
40
89
21
31
73
87
25
61
23
81
45
79
3
20
27
43
62
8
88
100
84
6
20
47
89
83
72
92
55
17
77
29
7
75
75
33
58
90
44
94
95
51
77
13
14
82
46
26
62
12
13
8
73
24
26
76
48
84
52
78
88
90
14
43
16
36
36
12
2
62
61
63
89
48
96
18
23
40
81
10
97
99
97
13
60
99
43
5
50
76
22
60
83
88
73
67
58
20
72
58
33
74
2
63
80
60
64
76
83
74
17
49
1
79
25
8
70
10
50
63
43
89
57
88
25
66
4
56
63
17
25
86
61
1
95
18
45
11
57
60
65
43
30
79
65
67
1
21
17
84
50
77
33
86
64
72
96
41
80
53
17
19
79
39
22
100
40
97
19
23
39
54
9
60
74
68
8
94
30
52
43
29
44
45
82
12
41
97
78
43
58
51
6
96
57
59
66
33
51
14
10
10
52
8
29
80
32
4
80
45
65
93
34
16
12
86
67
86
50
42
50
91
91
98
36
13
49
12
35
100
40
58
44
43
5
44
44
10
8
8
94
9
5
93
85
12
84
18
5
38
73
66
6
61
39
93
26
24
64
39
17
27
53
9
88
13
6
42
93
38
6
22
49
85
48
62
83
70
78
83
42
52
2
74
55
3
22
62
62
76
55
53
2
4
41
31
50
12
10
11
45
11
94
71
19
55
96
5
42
1
18
85
3
92
44
74
67
13
73
28
13
88
82
59
48
18
54
68
8
69
24
14
60
67
70
48
19
81
50
10
42
56
100
24
28
47
85
36
49
51
75
6
47
72
52
22
90
90
15
25
19
93
19
57
36
79
37
48
32
39
69
74
79
60
6
9
77
70
44
83
86
68
52
48
33
74
24
13
81
65
27
54
85
7
21
65
57
26
20
67
67
62
36
58
81
6
65
24
66
21
19
36
78
15
95
50
19
58
16
94
99
4
16
4
58
86
85
79
94
20
31
17
75
20
55
22
50
55
71
88
8
11
99
53
56
66
73
91
61
3
23
9
70
62
44
84
13
7
76
37
18
25
69
66
45
24
89
40
56
41
7
47
50
82
56
53
63
88
51
1
63
73
19
80
62
6
68
45
70
13
18
62
7
29
43
64
58
24
43
92
82
45
80
36
33
31
4
51
30
69
32
52
28
98
30
64
52
100
2
49
2
85
30
49
18
27
79
10
35
19
55
1
12
80
30
27
42
28
2
86
31
81
40
6
36
33
54
55
85
49
48
35
80
100
10
51
28
18
47
92
76
92
72
84
55
15
75
81
5
37
42
39
89
20
51
86
62
80
14
40
8
38
13
50
12
56
89
39
54
35
93
65
95
1
87
88
71
40
54
92
4
60
7
83
36
42
17
28
22
43
3
63
47
71
77
100
39
82
35
70
41
64
81
95
17
50
28
75
75
88
13
17
11
86
11
10
80
54
97
74
11
28
13
89
86
65
28
95
5
60
33
16
78
67
49
75
75
66
76
91
29
40
64
12
71
8
13
64
17
29
35
66
75
85
21
49
16
42
66
38
8
4
50
57
62
69
59
2
94
6
69
44
87
72
83
10
83
55
63
72
83
13
39
3
3